[gd_scene load_steps=19 format=3 uid="uid://c27kt5023p0vt"]

[ext_resource type="Script" uid="uid://dpack0v20g5n0" path="res://lessons_reference/video_16/testmap_2.gd" id="1_16vj2"]
[ext_resource type="Texture2D" uid="uid://dxblx82ho8rai" path="res://hazy_nebulae_1.png" id="2_u4lpf"]
[ext_resource type="PackedScene" uid="uid://d3kp34dihjeyd" path="res://lessons_reference/video_16/player/player.tscn" id="3_hjx3r"]
[ext_resource type="PackedScene" uid="uid://xtl5acmpaa04" path="res://lessons_reference/video_16/mob/spawner_3d.tscn" id="4_hrwib"]
[ext_resource type="PackedScene" uid="uid://bpcn5j0ngr8cd" path="res://mob/robot_01.tscn" id="5_0qacn"]
[ext_resource type="PackedScene" uid="uid://dfwbq2vombjvr" path="res://lessons_reference/video_16/mob/mob.tscn" id="6_scued"]
[ext_resource type="Script" uid="uid://kx1spi0ucns2" path="res://lessons_reference/video_16/control.gd" id="7_kxin0"]
[ext_resource type="PackedScene" uid="uid://cmla6taseg7gg" path="res://castle_1234.tscn" id="8_16vj2"]
[ext_resource type="Material" uid="uid://c28yvvp6nnmq4" path="res://lessons_reference/video_16/mob/bat/bat_material.tres" id="8_u4lpf"]
[ext_resource type="PackedScene" uid="uid://c6lpjiixwbjh8" path="res://Stone Wall.glb" id="9_hjx3r"]
[ext_resource type="PackedScene" uid="uid://43qeju8y8hw5" path="res://Very broken window.glb" id="11_scued"]
[ext_resource type="PackedScene" uid="uid://b0rblyu20i8p7" path="res://Fence Broken.glb" id="12_kxin0"]
[ext_resource type="PackedScene" uid="uid://dfgkrk0san2gs" path="res://Broken Cart.glb" id="13_ypbcn"]
[ext_resource type="FontFile" uid="uid://btoewfkfjj1ws" path="res://esset/THSarabunNew.ttf" id="14_kxin0"]

[sub_resource type="PanoramaSkyMaterial" id="PanoramaSkyMaterial_f68rl"]
panorama = ExtResource("2_u4lpf")
energy_multiplier = 3.05

[sub_resource type="Sky" id="Sky_jjgmc"]
sky_material = SubResource("PanoramaSkyMaterial_f68rl")

[sub_resource type="Environment" id="Environment_i6xss"]
background_mode = 2
background_energy_multiplier = 2.0
sky = SubResource("Sky_jjgmc")

[sub_resource type="WorldBoundaryShape3D" id="WorldBoundaryShape3D_xiq5r"]

[node name="Game" type="Node3D"]
script = ExtResource("1_16vj2")

[node name="WorldEnvironment" type="WorldEnvironment" parent="."]
environment = SubResource("Environment_i6xss")

[node name="DirectionalLight3D" type="DirectionalLight3D" parent="."]
transform = Transform3D(0.707107, -0.612373, 0.353553, 0, 0.5, 0.866026, -0.707107, -0.612373, 0.353553, 0, 4.59512, 1.18414)
shadow_enabled = true
directional_shadow_max_distance = 40.0

[node name="DirectionalLight3D" type="DirectionalLight3D" parent="DirectionalLight3D"]
transform = Transform3D(0.707107, -0.612373, 0.353553, 0, 0.5, 0.866026, -0.707107, -0.612373, 0.353553, 14.8593, 17.1742, -6.74683)
light_energy = 0.196
shadow_enabled = true
directional_shadow_max_distance = 40.0

[node name="Label" type="Label" parent="."]
unique_name_in_owner = true
offset_left = 28.0
offset_top = 15.0
offset_right = 256.0
offset_bottom = 101.0
theme_override_font_sizes/font_size = 60
text = "Score: 0   "

[node name="Player" parent="." instance=ExtResource("3_hjx3r")]
transform = Transform3D(-1, 0, -8.74228e-08, 0, 1, 0, 8.74228e-08, 0, -1, -9.30585, -2.66763, 37.5156)

[node name="KillPlane" type="Area3D" parent="."]
transform = Transform3D(1, 0, 0, 0, 1, 0, 0, 0, 1, -7, -7.95203, -6.5)
collision_layer = 0
collision_mask = 2
monitorable = false

[node name="CollisionShape3D" type="CollisionShape3D" parent="KillPlane"]
transform = Transform3D(7.37955, 0, 0, 0, 1, 0, 0, 0, 7.80773, 37.5414, 0, 16.3349)
shape = SubResource("WorldBoundaryShape3D_xiq5r")

[node name="MobSpawner3D" parent="." instance=ExtResource("4_hrwib")]
transform = Transform3D(1, 0, 0, 0, 1, 0, 0, 0, 1, 67.0606, -1.7619, 104.004)
mob_to_spawn = ExtResource("5_0qacn")

[node name="MobSpawner3D2" parent="." instance=ExtResource("4_hrwib")]
transform = Transform3D(1, 0, 0, 0, 1, 0, 0, 0, 1, 84.9789, -1.80292, 105.51)
mob_to_spawn = ExtResource("6_scued")

[node name="MobSpawner3D3" parent="." instance=ExtResource("4_hrwib")]
transform = Transform3D(1, 0, 0, 0, 1, 0, 0, 0, 1, -89.2309, -1.51499, 87.2021)
mob_to_spawn = ExtResource("6_scued")

[node name="MobSpawner3D4" parent="." instance=ExtResource("4_hrwib")]
transform = Transform3D(1, 0, 0, 0, 1, 0, 0, 0, 1, -62.7909, -1.60627, 118.835)
mob_to_spawn = ExtResource("5_0qacn")

[node name="MobSpawner3D5" parent="." instance=ExtResource("4_hrwib")]
transform = Transform3D(1, 0, 0, 0, 1, 0, 0, 0, 1, -10.4537, -2.0504, 94.8171)
mob_to_spawn = ExtResource("6_scued")

[node name="MobSpawner3D7" parent="." instance=ExtResource("4_hrwib")]
transform = Transform3D(0.952953, 0, 0.303118, 0, 1, 0, -0.303118, 0, 0.952953, 23.0404, -2.17083, 97.8191)
mob_to_spawn = ExtResource("5_0qacn")

[node name="MobSpawner3D8" parent="." instance=ExtResource("4_hrwib")]
transform = Transform3D(1, 0, 0, 0, 1, 0, 0, 0, 1, 4.43373, -2.13711, 96.4021)
mob_to_spawn = ExtResource("6_scued")

[node name="MobSpawner3D6" parent="." instance=ExtResource("4_hrwib")]
transform = Transform3D(1, 0, 0, 0, 1, 0, 0, 0, 1, 39.6984, -2.16348, 94.2771)
mob_to_spawn = ExtResource("6_scued")

[node name="WorldEnvironment2" type="WorldEnvironment" parent="."]
environment = SubResource("Environment_i6xss")

[node name="CanvasLayer" type="CanvasLayer" parent="."]

[node name="DeathMenu" type="Control" parent="CanvasLayer"]
layout_mode = 3
anchors_preset = 0
offset_right = 1716.0
offset_bottom = 881.0
script = ExtResource("7_kxin0")

[node name="ColorRect" type="ColorRect" parent="CanvasLayer/DeathMenu"]
layout_mode = 0
offset_left = -40.0
offset_right = 1749.0
offset_bottom = 890.0
color = Color(0.136826, 0.136826, 0.136826, 1)

[node name="CenterContainer" type="CenterContainer" parent="CanvasLayer/DeathMenu"]
layout_mode = 0
offset_left = 12.0
offset_top = -126.0
offset_right = 1721.0
offset_bottom = 739.0

[node name="VBoxContainer" type="VBoxContainer" parent="CanvasLayer/DeathMenu/CenterContainer"]
layout_mode = 2

[node name="LblTitle" type="Label" parent="CanvasLayer/DeathMenu/CenterContainer/VBoxContainer"]
layout_mode = 2
theme_override_font_sizes/font_size = 150
text = "Game Over"

[node name="LblReason" type="Label" parent="CanvasLayer/DeathMenu/CenterContainer/VBoxContainer"]
unique_name_in_owner = true
layout_mode = 2

[node name="BtnRestart" type="Button" parent="CanvasLayer/DeathMenu/CenterContainer/VBoxContainer"]
unique_name_in_owner = true
layout_mode = 2
theme_override_font_sizes/font_size = 100
text = "Restart"

[node name="BtnMainMenu" type="Button" parent="CanvasLayer/DeathMenu/CenterContainer/VBoxContainer"]
unique_name_in_owner = true
layout_mode = 2
theme_override_font_sizes/font_size = 100
text = "Menu"

[node name="Platform7" type="CSGBox3D" parent="."]
transform = Transform3D(-5.49857, 0, -0.204975, 0, 1, 0, 0.125263, 0, -8.99767, 1.21244, 3.05492, -2.47055)
visible = false
use_collision = true
size = Vector3(13, 10.436, 7.5)
material = ExtResource("8_u4lpf")

[node name="Platform9" type="CSGBox3D" parent="."]
transform = Transform3D(-0.0956183, 0, -4.15785, 0, 1, 0, 0.230992, 0, -1.72113, -29.5606, 3.05492, 52.5365)
visible = false
use_collision = true
size = Vector3(13, 10.436, 7.5)
material = ExtResource("8_u4lpf")

[node name="Platform10" type="CSGBox3D" parent="."]
transform = Transform3D(-0.213347, 0, -2.08511, 0, 1, 0, 0.13032, 0, -3.41355, -50.4647, 3.05492, 34.1081)
visible = false
use_collision = true
size = Vector3(13, 10.436, 7.5)
material = ExtResource("8_u4lpf")

[node name="Platform11" type="CSGBox3D" parent="."]
transform = Transform3D(-0.248694, 0, -0.408394, 0, 1, 0, 0.0255247, 0, -3.9791, -59.7784, 3.05492, 7.29258)
visible = false
use_collision = true
size = Vector3(13, 10.436, 7.5)
material = ExtResource("8_u4lpf")

[node name="Platform12" type="CSGBox3D" parent="."]
transform = Transform3D(-0.223492, 0, 1.79253, 0, 1, 0, -0.112033, 0, -3.57587, -54.8229, 3.05492, -21.4725)
visible = false
use_collision = true
size = Vector3(13, 10.436, 7.5)
material = ExtResource("8_u4lpf")

[node name="Platform13" type="CSGBox3D" parent="."]
transform = Transform3D(-0.124024, 0, 3.47307, 0, 1, 0, -0.217067, 0, -1.98438, -34.3569, 3.05492, -42.7665)
visible = false
use_collision = true
size = Vector3(13, 10.436, 7.5)
material = ExtResource("8_u4lpf")

[node name="Platform14" type="CSGBox3D" parent="."]
transform = Transform3D(0.00797033, 0, 3.99797, 0, 1, 0, -0.249873, 0, 0.127525, -7.53234, 3.05492, -50.4772)
visible = false
use_collision = true
size = Vector3(13, 10.436, 7.5)
material = ExtResource("8_u4lpf")

[node name="Platform15" type="CSGBox3D" parent="."]
transform = Transform3D(0.00797033, 0, 3.99797, 0, 1, 0, -0.249873, 0, 0.127525, 5.36188, 3.05492, -50.4772)
visible = false
use_collision = true
size = Vector3(13, 10.436, 7.5)
material = ExtResource("8_u4lpf")

[node name="Platform16" type="CSGBox3D" parent="."]
transform = Transform3D(0.127208, 0, 3.44347, 0, 1, 0, -0.215217, 0, 2.03532, 32.8377, 3.05492, -41.514)
visible = false
use_collision = true
size = Vector3(13, 10.436, 7.5)
material = ExtResource("8_u4lpf")

[node name="Platform17" type="CSGBox3D" parent="."]
transform = Transform3D(0.227608, 0, 1.65464, 0, 1, 0, -0.103415, 0, 3.64172, 52.2786, 3.05492, -20.0762)
visible = false
use_collision = true
size = Vector3(13, 10.436, 7.5)
material = ExtResource("8_u4lpf")

[node name="Platform18" type="CSGBox3D" parent="."]
transform = Transform3D(0.249996, 0, -0.0215705, 0, 1, 0, 0.00134816, 0, 3.99994, 57.3788, 3.05492, 6.76735)
visible = false
use_collision = true
size = Vector3(13, 10.436, 7.5)
material = ExtResource("8_u4lpf")

[node name="Platform19" type="CSGBox3D" parent="."]
transform = Transform3D(0.210198, 0, -2.16542, 0, 1, 0, 0.135339, 0, 3.36317, 49.2529, 3.05492, 37.3463)
visible = false
use_collision = true
size = Vector3(13, 10.436, 7.5)
material = ExtResource("8_u4lpf")

[node name="Platform20" type="CSGBox3D" parent="."]
transform = Transform3D(0.0928218, 0, -3.89978, 0, 1, 0, 0.23213, 0, 1.55941, 27.1374, 3.05492, 53.9698)
visible = false
use_collision = true
size = Vector3(13, 10.436, 7.5)
material = ExtResource("8_u4lpf")

[node name="Platform8" type="CSGBox3D" parent="."]
transform = Transform3D(-5.49857, 0, -0.0911001, 0, 1, 0, 0.125263, 0, -3.99896, 22.7668, 3.05492, 230.987)
visible = false
use_collision = true
size = Vector3(13, 10.436, 18.9868)
material = ExtResource("8_u4lpf")

[node name="Root Scene" parent="." instance=ExtResource("9_hjx3r")]
transform = Transform3D(0.313235, 0, 9.99509, 0, 10, 0, -9.99509, 0, 0.313235, 58.0068, -3.21688, 15.8818)

[node name="Root Scene2" parent="Root Scene" instance=ExtResource("9_hjx3r")]
transform = Transform3D(0.999025, 0, 0.0441599, 0, 1, 0, -0.0441599, 0, 0.999025, 1.5203, 0, -0.0378985)

[node name="Root Scene6" parent="Root Scene" instance=ExtResource("9_hjx3r")]
transform = Transform3D(0.486244, 0, 0.873823, 0, 1, 0, -0.873823, 0, 0.486244, 5.31658, 0, -2.03508)

[node name="Root Scene2" parent="Root Scene/Root Scene6" instance=ExtResource("9_hjx3r")]
transform = Transform3D(0.999025, 0, 0.0441599, 0, 1, 0, -0.0441599, 0, 0.999025, 1.5203, 0, -0.0378985)

[node name="Root Scene3" parent="Root Scene" instance=ExtResource("9_hjx3r")]
transform = Transform3D(0.908581, 0, 0.417709, 0, 1, 0, -0.417709, 0, 0.908581, 2.92908, 0, -0.378541)

[node name="Root Scene2" parent="Root Scene/Root Scene3" instance=ExtResource("9_hjx3r")]
transform = Transform3D(0.999025, 0, 0.0441599, 0, 1, 0, -0.0441599, 0, 0.999025, 1.5203, 0, -0.0378985)

[node name="Root Scene7" parent="Root Scene" instance=ExtResource("9_hjx3r")]
transform = Transform3D(0.0635744, 0, 0.997979, 0, 1, 0, -0.997979, 0, 0.0635744, 6.38919, 0, -4.76607)

[node name="Root Scene2" parent="Root Scene/Root Scene7" instance=ExtResource("9_hjx3r")]
transform = Transform3D(0.999025, 0, 0.0441599, 0, 1, 0, -0.0441599, 0, 0.999025, 1.5203, 0, -0.0378985)

[node name="Root Scene3" parent="Root Scene/Root Scene7" instance=ExtResource("9_hjx3r")]
transform = Transform3D(0.736125, 0, 0.19146, 0, 1, 0, -0.143595, 0, 0.9815, 2.83626, 0, -0.183367)

[node name="Root Scene4" parent="Root Scene" instance=ExtResource("9_hjx3r")]
transform = Transform3D(0.834877, 0, -0.550437, 0, 1, 0, 0.550437, 0, 0.834877, -2.67111, 0, -1.18891)

[node name="Root Scene2" parent="Root Scene/Root Scene4" instance=ExtResource("9_hjx3r")]
transform = Transform3D(0.999025, 0, 0.0441599, 0, 1, 0, -0.0441599, 0, 0.999025, 1.5203, 0, -0.0378985)

[node name="Root Scene5" parent="Root Scene" instance=ExtResource("9_hjx3r")]
transform = Transform3D(0.382861, 0, -0.923806, 0, 1, 0, 0.923806, 0, 0.382861, -4.20318, 0, -3.64037)

[node name="Root Scene2" parent="Root Scene/Root Scene5" instance=ExtResource("9_hjx3r")]
transform = Transform3D(0.999025, 0, 0.0441599, 0, 1, 0, -0.0441599, 0, 0.999025, 1.5203, 0, -0.0378985)

[node name="Root Scene2" parent="." instance=ExtResource("9_hjx3r")]
transform = Transform3D(0.916929, 0, -9.95787, 0, 10, 0, 9.95787, 0, 0.916929, -60.7764, -3.21688, -0.858282)

[node name="Root Scene2" parent="Root Scene2" instance=ExtResource("9_hjx3r")]
transform = Transform3D(0.999025, 0, 0.0441599, 0, 1, 0, -0.0441599, 0, 0.999025, 1.5203, 0, -0.0378985)

[node name="Root Scene6" parent="Root Scene2" instance=ExtResource("9_hjx3r")]
transform = Transform3D(0.486244, 0, 0.873823, 0, 1, 0, -0.873823, 0, 0.486244, 5.31658, 0, -2.03508)

[node name="Root Scene2" parent="Root Scene2/Root Scene6" instance=ExtResource("9_hjx3r")]
transform = Transform3D(0.999025, 0, 0.0441599, 0, 1, 0, -0.0441599, 0, 0.999025, 1.5203, 0, -0.0378985)

[node name="Root Scene3" parent="Root Scene2" instance=ExtResource("9_hjx3r")]
transform = Transform3D(0.908581, 0, 0.417709, 0, 1, 0, -0.417709, 0, 0.908581, 2.92908, 0, -0.378541)

[node name="Root Scene2" parent="Root Scene2/Root Scene3" instance=ExtResource("9_hjx3r")]
transform = Transform3D(0.999025, 0, 0.0441599, 0, 1, 0, -0.0441599, 0, 0.999025, 1.5203, 0, -0.0378985)

[node name="Root Scene4" parent="Root Scene2" instance=ExtResource("9_hjx3r")]
transform = Transform3D(0.834877, 0, -0.550437, 0, 1, 0, 0.550437, 0, 0.834877, -2.67111, 0, -1.18891)

[node name="Root Scene2" parent="Root Scene2/Root Scene4" instance=ExtResource("9_hjx3r")]
transform = Transform3D(0.999025, 0, 0.0441599, 0, 1, 0, -0.0441599, 0, 0.999025, 1.5203, 0, -0.0378985)

[node name="Root Scene5" parent="Root Scene2" instance=ExtResource("9_hjx3r")]
transform = Transform3D(0.382861, 0, -0.923806, 0, 1, 0, 0.923806, 0, 0.382861, -4.20318, 0, -3.64037)

[node name="Root Scene2" parent="Root Scene2/Root Scene5" instance=ExtResource("9_hjx3r")]
transform = Transform3D(0.999025, 0, 0.0441599, 0, 1, 0, -0.0441599, 0, 0.999025, 1.5203, 0, -0.0378985)

[node name="Platform6" type="CSGBox3D" parent="."]
transform = Transform3D(3.25099, 0, 49.8942, 0, 1, 0, -49.8942, 0, 3.25099, 28.2549, -8.34861, 100.677)
use_collision = true
size = Vector3(13, 10.436, 7.5)
material = ExtResource("8_u4lpf")

[node name="castle 1234" parent="Platform6" instance=ExtResource("8_16vj2")]
transform = Transform3D(0.0650198, 0, -0.997884, 0, 50, 0, 0.997884, 0, 0.0650198, 1.97255, 19.4911, -0.694823)

[node name="Very broken window" parent="." instance=ExtResource("11_scued")]
transform = Transform3D(0.799957, 0, -0.600057, 0, 1, 0, 0.600057, 0, 0.799957, -27.5472, -2.99071, 132.191)

[node name="Very broken window2" parent="." instance=ExtResource("11_scued")]
transform = Transform3D(0.316361, 0, 0.948639, 0, 1, 0, -0.948639, 0, 0.316361, -25.9891, -2.99071, 132.191)

[node name="Very broken window3" parent="." instance=ExtResource("11_scued")]
transform = Transform3D(0.316361, 0, 0.948639, 0, 1, 0, -0.948639, 0, 0.316361, -11.409, -2.99071, 132.191)

[node name="Very broken window4" parent="." instance=ExtResource("11_scued")]
transform = Transform3D(0.971143, 0, 0.2385, 0, 1, 0, -0.2385, 0, 0.971143, 5.86494, -2.99071, 132.191)

[node name="Very broken window5" parent="." instance=ExtResource("11_scued")]
transform = Transform3D(0.971143, 0, 0.2385, 0, 1, 0, -0.2385, 0, 0.971143, 37.4863, -2.99071, 149.311)

[node name="Root Scene3" parent="." instance=ExtResource("12_kxin0")]
transform = Transform3D(1, 0, 0, 0, 1, 0, 0, 0, 1, 0, -3.35253, 114.532)

[node name="Root Scene4" parent="." instance=ExtResource("12_kxin0")]
transform = Transform3D(1, 0, 0, 0, 1, 0, 0, 0, 1, -27.5115, -3.35253, 114.532)

[node name="Root Scene5" parent="." instance=ExtResource("12_kxin0")]
transform = Transform3D(1, 0, 0, 0, 1, 0, 0, 0, 1, 3.86145, -3.35253, 114.532)

[node name="Root Scene6" parent="." instance=ExtResource("12_kxin0")]
transform = Transform3D(1, 0, 0, 0, 1, 0, 0, 0, 1, -38.4735, -3.35253, 114.532)

[node name="Root Scene7" parent="." instance=ExtResource("12_kxin0")]
transform = Transform3D(1, 0, 0, 0, 1, 0, 0, 0, 1, -41.7724, -3.35253, 114.532)

[node name="Root Scene8" parent="." instance=ExtResource("12_kxin0")]
transform = Transform3D(1, 0, 0, 0, 1, 0, 0, 0, 1, -34.8912, -3.35253, 114.532)

[node name="Root Scene9" parent="." instance=ExtResource("12_kxin0")]
transform = Transform3D(1, 0, 0, 0, 1, 0, 0, 0, 1, 11.5877, -3.35253, 114.532)

[node name="Root Scene10" parent="." instance=ExtResource("12_kxin0")]
transform = Transform3D(1, 0, 0, 0, 1, 0, 0, 0, 1, 32.8528, -3.35253, 114.532)

[node name="Root Scene11" parent="." instance=ExtResource("12_kxin0")]
transform = Transform3D(1, 0, 0, 0, 1, 0, 0, 0, 1, 38.1041, -3.35253, 114.532)

[node name="Root Scene12" parent="." instance=ExtResource("12_kxin0")]
transform = Transform3D(1, 0, 0, 0, 1, 0, 0, 0, 1, 44.6865, -3.35253, 114.532)

[node name="Root Scene21" parent="." instance=ExtResource("12_kxin0")]
transform = Transform3D(1, 0, 0, 0, 1, 0, 0, 0, 1, 44.6865, -3.35253, 114.532)

[node name="Root Scene13" parent="." instance=ExtResource("13_ypbcn")]
transform = Transform3D(1, 0, 0, 0, 1, 0, 0, 0, 1, 0, -3.12896, 101.123)

[node name="Root Scene14" parent="." instance=ExtResource("13_ypbcn")]
transform = Transform3D(0.356575, 0, -0.934267, 0, 1, 0, 0.934267, 0, 0.356575, -25.6819, -3.12896, 101.123)

[node name="Root Scene22" parent="." instance=ExtResource("13_ypbcn")]
transform = Transform3D(-0.397644, 0, -0.91754, 0, 1, 0, 0.91754, 0, -0.397644, -78.7572, -3.12896, 101.123)

[node name="Root Scene15" parent="." instance=ExtResource("13_ypbcn")]
transform = Transform3D(-0.172049, 0, -0.985088, 0, 1, 0, 0.985088, 0, -0.172049, -17.726, -3.12896, 87.8602)

[node name="Root Scene16" parent="." instance=ExtResource("13_ypbcn")]
transform = Transform3D(0.43476, 0, -0.900546, 0, 1, 0, 0.900546, 0, 0.43476, 45.7919, -3.12896, 87.8602)

[node name="Root Scene17" parent="." instance=ExtResource("13_ypbcn")]
transform = Transform3D(-0.297991, 0, -0.954568, 0, 1, 0, 0.954568, 0, -0.297991, 45.7919, -3.12896, 129.327)

[node name="Root Scene18" parent="." instance=ExtResource("13_ypbcn")]
transform = Transform3D(-0.297991, 0, -0.954568, 0, 1, 0, 0.954568, 0, -0.297991, 95.4803, -3.12896, 129.327)

[node name="Root Scene19" parent="." instance=ExtResource("13_ypbcn")]
transform = Transform3D(0.899336, 0, 0.437257, 0, 1, 0, -0.437257, 0, 0.899336, -103.516, -3.12896, 129.327)

[node name="Root Scene20" parent="." instance=ExtResource("13_ypbcn")]
transform = Transform3D(0.899336, 0, 0.437257, 0, 1, 0, -0.437257, 0, 0.899336, -103.516, -3.12896, 129.327)

[node name="Label3D" type="Label3D" parent="."]
transform = Transform3D(-0.476655, 0, -0.906893, 0, 1.02453, 0, 0.906893, 0, -0.476655, 7.79847, 0.775578, 51.4001)
modulate = Color(0.853181, 1, 0.339244, 1)
text = "jump → Space           (ปุ่มเว้นวรรค) ใช้สำหรับ “กระโดด”   
move_left → A           ใช้สำหรับ “เดินไปทางซ้าย”
move_right → D        ใช้สำหรับ “เดินไปทางขวา”
move_forward → W        ใช้สำหรับ “เดินไปข้างหน้า”
move_back → S       ใช้สำหรับ “เดินถอยหลัง”

shoot → Left Mouse Button (คลิกซ้าย)   ใช้สำหรับ “ยิงกระสุนปกติ” 
Right Mouse Button (คลิกขวา)          ใช้สำหรับ “ยิงกระสุนพิเศษที่ทรงพลัง” "
font = ExtResource("14_kxin0")
font_size = 100

[node name="Label3D2" type="Label3D" parent="."]
transform = Transform3D(-0.476655, 0, -0.906893, 0, 1.02453, 0, 0.906893, 0, -0.476655, 7.79847, -0.713049, 70.1306)
double_sided = false
no_depth_test = true
modulate = Color(0.853181, 1, 0.339244, 1)
text = "รวบรวมคะแนนที่จะได้จากการฆ่ามอนสเตอร์เพื่อผ่านด่าน"
font = ExtResource("14_kxin0")
font_size = 100
outline_size = 14

[node name="Label2" type="Label" parent="."]
offset_left = 425.0
offset_top = 18.0
offset_right = 1527.0
offset_bottom = 156.0
theme_override_font_sizes/font_size = 50
text = "สะสม 50 แต้มเพื่อผ่านด่านนี้"

[connection signal="body_entered" from="KillPlane" to="." method="_on_kill_plane_body_entered"]
[connection signal="mob_spawned" from="MobSpawner3D" to="." method="_on_mob_spawner_3d_mob_spawned"]
[connection signal="mob_spawned" from="MobSpawner3D2" to="." method="_on_mob_spawner_3d_mob_spawned"]
[connection signal="mob_spawned" from="MobSpawner3D3" to="." method="_on_mob_spawner_3d_mob_spawned"]
[connection signal="mob_spawned" from="MobSpawner3D4" to="." method="_on_mob_spawner_3d_mob_spawned"]
[connection signal="mob_spawned" from="MobSpawner3D5" to="." method="_on_mob_spawner_3d_mob_spawned"]
[connection signal="mob_spawned" from="MobSpawner3D7" to="." method="_on_mob_spawner_3d_mob_spawned"]
[connection signal="mob_spawned" from="MobSpawner3D8" to="." method="_on_mob_spawner_3d_mob_spawned"]
[connection signal="mob_spawned" from="MobSpawner3D6" to="." method="_on_mob_spawner_3d_mob_spawned"]
